wp0[0,0,0]
wp1[-2.5,2.5,0]
wp2[2.5,2.5,0]
wp3[-2.5,-2.5,0]
wp4[2.5,-2.5,0]
wp5[3,0,0]
wp6[-0.40,1.33,0]
wp7[-1.43,-0.99,0]
wp8[-2.73,-2.58,0]
wp9[-0.82,1.09,0]
wp10[-1.04,-1.08,0]
wp11[0.75,-2.96,0]
wp12[-1.36,-2.16,0]
wp13[0.01,-0.67,0]
wp14[1.00,2.04,0]
wp15[0.82,1.98,0]
wp16[-0.30,-2.95,0]
wp17[-1.56,-0.62,0]
wp18[-2.41,-1.31,0]
wp19[-1.98,-1.79,0]
wp20[-2.73,0.36,0]
wp21[-2.36,-2.68,0]
wp22[-0.68,2.88,0]
wp23[0.69,-1.89,0]
wp24[0.71,0.11,0]
wp25[-2.56,2.55,0]
wp26[-0.65,2.21,0]
wp27[-2.55,-1.70,0]
wp28[1.41,2.46,0]
wp29[2.36,0.12,0]
